
# Solana Address: BwMYybMoXhWAyWrrBJVt78Gfcb1szoHGGmztrEkNj1j5
PRIVATE_KEY=[24,99,25,85,56,111,147,42,85,73,9,83,30,241,117,226,218,13,44,124,182,248,197,214,211,246,57,73,239,190,223,221,162,129,120,107,106,42,168,3,72,184,171,193,155,73,58,79,242,230,217,126,198,132,251,158,126,203,188,7,55,158,145,8]
# Solana Address: 6nFGjiwiTx9vEWNPyeYmkA9mgUoSiqPMWGxtZHfdopQU
PRIVATE_KEY=[231,155,236,220,21,204,139,115,250,88,10,6,59,166,104,19,60,112,64,92,98,189,239,170,71,75,117,184,130,76,248,66,85,225,181,42,31,178,95,227,57,55,188,188,21,62,232,142,229,75,239,163,243,5,8,42,98,152,209,136,171,96,79,29]
# Solana Address: 4odFwatQFcZ6DrXXPkHFRGkjEc4ZypzrVq1FwrcKZkuw
PRIVATE_KEY=[65,27,253,171,245,15,47,247,252,196,94,181,177,145,184,69,112,186,104,14,80,20,56,188,7,10,194,24,117,104,58,74,56,132,198,76,73,31,103,240,249,113,252,222,20,81,130,156,199,113,120,124,135,186,140,2,146,47,229,64,255,77,173,74]
# Solana Address: 9XF3dqxeiv1r4Q7Z9yLEKhu6yacgrwvqNjnJfidhECLm
PRIVATE_KEY=[1,153,237,172,183,150,235,161,8,53,72,230,31,81,3,131,234,37,244,9,4,234,114,63,94,57,202,130,31,170,55,7,126,156,205,8,67,27,41,228,88,169,253,153,98,65,228,46,79,123,44,231,242,99,82,79,8,1,169,72,242,230,192,78]
# Solana Address: 3hnBjH3LuEJFyqoHER4VYvt374DWc4mcs98tAxqk8RLY
PRIVATE_KEY=[206,178,51,25,135,77,28,187,247,198,239,222,249,96,8,105,240,96,200,3,253,153,191,250,67,102,252,39,6,88,37,216,40,41,178,113,0,84,100,130,172,115,236,129,177,222,193,163,138,20,93,222,161,47,167,191,92,226,183,225,14,43,181,213]
# Solana Address: A6mznJciiaQQMDTrWPzJu7spyPLUYcG4UeuoiFbeSRAw
PRIVATE_KEY=[114,44,151,236,104,166,54,254,60,38,39,221,222,108,72,99,126,8,95,115,25,137,87,150,195,144,219,148,26,134,33,130,135,51,246,186,27,249,198,103,198,242,223,63,59,1,61,106,58,164,13,126,246,105,42,141,168,43,59,67,67,71,166,24]
# Solana Address: 64yfq4a9o4rGzbzULLNNzYpgJkHy8SfT4q1fVQgtwdbm
PRIVATE_KEY=[95,100,130,104,225,172,84,56,167,66,150,89,252,130,201,130,140,135,161,3,3,153,203,9,226,154,89,150,0,51,28,235,75,79,64,224,51,230,134,11,241,78,143,52,228,146,36,160,107,222,238,110,10,30,47,43,58,204,241,175,30,81,158,176]
# Solana Address: 8BznqEaHQhbSDCzUwxMwVtqJAUosxAMXgsNH2dcdLXyh
PRIVATE_KEY=[250,134,59,2,38,160,107,3,46,52,91,11,80,3,76,179,185,164,94,17,0,158,97,169,31,174,46,100,177,56,114,176,106,210,245,205,63,141,167,46,118,34,55,125,154,42,27,235,25,150,6,151,105,228,254,251,21,154,39,28,119,30,48,168]
# Solana Address: 841cXb8VXDiRVCY6d6ZQ76cAhJXoAjiWhV3QEbiLXsfX
PRIVATE_KEY=[204,111,168,189,39,136,23,247,33,22,5,90,7,110,237,85,4,63,46,151,111,25,51,204,113,233,85,239,247,75,143,35,104,199,62,86,241,254,204,185,102,127,182,249,109,193,224,145,53,84,182,136,150,175,124,79,139,100,254,141,2,58,33,66]
# Solana Address: 55nSWRg7XRFKnnu1cLnoacM2M5pxmohA5vaW5n3Hh8gg
PRIVATE_KEY=[177,36,122,124,117,79,140,62,247,159,2,140,94,71,230,8,173,196,179,165,80,189,81,37,75,42,174,9,128,40,143,107,60,168,115,42,117,43,80,227,111,169,190,221,244,48,7,164,135,60,79,158,17,213,100,227,75,176,223,220,255,12,181,185]
# Solana Address: 4VPaHxPuQdngEdKt85xtG6SM9M4txKZYQBZaK6FHBmkW
PRIVATE_KEY=[59,51,245,134,63,255,186,214,150,70,88,217,120,40,201,191,227,215,17,224,242,165,80,238,11,196,30,243,202,251,22,126,51,216,217,18,198,156,76,49,29,241,174,171,31,212,69,175,229,34,208,9,58,95,139,197,103,27,194,202,43,63,126,155]
# Solana Address: 9uLrRrDMskY5pajgBZix6nDH8XmMrNsEbjGbuxzdMU1G
PRIVATE_KEY=[167,94,68,60,78,216,195,99,241,43,24,42,9,60,60,84,70,224,99,255,21,15,198,64,238,64,140,245,9,126,96,33,132,70,36,250,220,199,38,71,232,250,96,171,114,243,57,234,73,100,21,243,110,238,13,61,28,142,66,68,76,148,158,155]
# Solana Address: 5Ry8yfTxCKpQi8f2nYTcjNU3RfHdQq98gFEjNJ8JFjZr
PRIVATE_KEY=[254,240,98,242,110,137,55,18,4,170,114,108,147,35,175,138,90,81,144,6,70,135,174,212,141,158,34,23,24,148,178,48,65,212,41,123,29,238,30,250,70,40,51,204,29,185,8,238,18,139,150,44,109,1,45,51,145,34,58,139,166,222,245,185]
# Solana Address: 39ZtnJ65v16hBCiisvEW9YZK26pWRs9HVoyRqzDti6Hb
PRIVATE_KEY=[95,167,114,22,80,18,192,190,163,71,135,77,236,210,30,75,128,178,170,60,109,94,168,193,173,235,48,113,200,33,116,168,31,233,54,89,148,218,52,24,29,113,56,121,12,60,36,170,172,128,75,20,107,247,32,126,13,20,90,128,156,140,239,206]
# Solana Address: 5LeVecRFbfjPu2eh7CP64hGdthFTZqRvPP52Db89bEhW
PRIVATE_KEY=[158,55,238,159,130,124,246,59,248,252,18,0,197,43,85,40,244,211,120,23,115,90,178,198,196,74,246,9,160,114,227,126,64,119,45,119,213,130,43,32,1,75,142,220,103,143,158,79,116,2,81,70,82,110,16,163,41,70,144,57,235,84,64,177]