
# Solana Address: 88XhrYRHUCCawHS6Jcm2YKoTuX1rp1bW2z4pTLLoZUPK
PRIVATE_KEY=[178,47,159,92,87,213,89,232,223,143,144,54,196,239,109,38,31,78,137,188,101,164,37,18,164,96,123,59,41,196,60,86,105,239,151,121,227,114,94,220,120,9,52,89,96,186,67,219,66,134,101,150,7,91,81,196,118,93,47,235,200,33,33,90]
# Solana Address: 7EZsszNtgyFNYTQ5gjvArJKLzoB7j74jyX3BLnZtm2nv
PRIVATE_KEY=[156,36,194,51,177,67,159,134,89,177,245,252,208,127,78,212,116,137,32,95,84,229,246,200,172,198,252,182,38,244,174,128,92,159,216,178,139,125,146,225,196,75,46,90,23,121,192,133,214,153,12,11,141,32,210,121,71,200,227,211,10,96,219,91]
# Solana Address: DwkoDLzNsW5ix2oZkeXEFjm6kDSq5q6ErTABodd6Hs3d
PRIVATE_KEY=[125,217,127,25,101,237,210,136,47,116,83,113,254,140,184,44,148,240,213,222,138,15,6,33,40,220,131,14,195,171,5,217,192,83,32,195,0,64,18,204,8,111,74,188,5,160,138,62,175,216,153,104,164,72,126,54,60,55,235,252,14,76,247,240]
# Solana Address: 27x9M3SURyXewQDKoh88UqTiiK3CzjzZYrtVg5SAMwnN
PRIVATE_KEY=[179,225,120,89,22,80,159,133,196,176,62,208,234,99,247,224,97,129,115,150,15,216,69,3,189,133,2,32,251,158,158,220,16,163,133,238,198,210,175,253,226,160,240,33,220,51,185,119,51,82,116,98,169,75,199,234,188,16,114,221,254,100,5,175]
# Solana Address: BFUiEqmScx2iJFFJvDov22LW6WQjS2iCRhcDW6mADvdD
PRIVATE_KEY=[253,254,204,200,238,151,144,105,230,46,190,156,244,228,137,168,118,118,10,53,245,107,51,232,73,113,53,66,86,31,51,150,152,74,85,98,65,205,225,38,167,136,178,205,195,244,212,48,227,217,219,151,100,149,179,59,146,130,52,95,187,38,129,88]
# Solana Address: c3Tu1GsvodqMB11YR85enBkv5xKTMuHKG5q1xVo7pyr
PRIVATE_KEY=[10,101,215,134,65,202,221,112,85,9,26,89,238,12,7,192,228,177,232,50,110,205,129,139,98,35,64,119,141,22,10,142,8,250,29,51,206,24,193,57,159,98,42,150,120,231,184,176,237,224,252,89,148,154,95,84,121,158,182,30,80,38,133,141]
# Solana Address: CmweaLtF8Tp1r8D1VJdjWWNFmhUdqV3BRNmKoNvBN7Yd
PRIVATE_KEY=[107,164,32,52,60,123,58,251,49,81,168,162,219,24,251,31,66,93,130,178,148,197,62,12,57,123,27,130,138,19,51,115,174,243,230,253,65,233,77,111,252,171,184,18,7,56,147,163,197,97,192,219,225,166,70,33,146,126,226,88,25,230,220,74]
# Solana Address: BkPw6b2Tx7D7bsguuzMtqsjNUBaJs3gwRgzaiFty1ux7
PRIVATE_KEY=[228,216,255,208,190,190,30,133,55,83,45,62,64,208,166,50,195,130,143,96,253,240,156,14,242,0,151,208,223,87,17,201,159,178,198,45,180,7,115,236,189,55,57,131,226,102,111,33,27,187,106,194,120,183,174,153,38,81,160,159,107,126,143,44]
# Solana Address: C83mf8NFGMkuiYLq7mnPPnZ4XKEJMGGWbLEZoHVJwYfS
PRIVATE_KEY=[62,204,79,239,169,254,134,43,28,206,44,20,179,29,254,25,108,13,112,90,231,23,111,144,38,150,70,94,8,21,213,146,165,62,192,252,96,108,154,147,104,44,91,19,122,248,44,66,54,79,46,137,213,67,58,37,252,198,112,2,114,223,133,17]
# Solana Address: 4QM6adEZxHQkDR3EVfTE2XtR1nTZfRadeQSYNM9AgVkX
PRIVATE_KEY=[209,61,116,225,219,15,1,195,128,76,255,123,104,138,212,205,159,18,136,226,184,230,168,203,193,161,246,227,208,138,102,6,50,142,36,105,151,234,132,81,89,144,24,85,28,183,169,16,191,219,178,21,224,207,231,227,235,127,108,178,234,17,30,244]
# Solana Address: HNhG7R6LR5jEZ9eUTfizjY2UoqDwJBnvT6eNKH4ibCM2
PRIVATE_KEY=[183,47,94,36,233,202,179,242,107,77,117,143,106,113,137,153,13,153,185,177,6,222,19,216,116,113,239,103,113,97,225,66,243,73,181,229,177,69,249,2,224,136,254,104,142,52,84,215,169,99,185,186,207,116,153,65,182,30,175,190,246,217,18,213]
# Solana Address: AfYpAcVnqNiYu4faRD6QLyqiKshmMkgjZGAAZQ1cBDm8
PRIVATE_KEY=[57,50,54,255,240,155,25,84,166,61,18,26,211,27,105,54,202,255,79,20,173,145,91,15,125,194,97,155,98,31,88,113,143,153,57,113,64,239,99,205,11,150,171,205,185,251,177,207,3,56,58,81,240,199,109,15,2,235,95,208,113,231,37,47]
# Solana Address: D9JfrDepeHwmFrRb3btx6Eb1V97LGnV9QDjQNH9FSxoD
PRIVATE_KEY=[28,199,224,186,43,130,43,57,17,77,158,228,159,230,170,54,28,8,52,237,36,185,128,167,220,48,49,179,192,193,85,7,180,108,222,112,43,58,20,80,95,182,193,71,72,136,186,159,49,104,143,255,36,245,100,227,90,175,121,212,121,193,82,124]